25 24
3 0
23 0
24 0
5 0
7 0
10 0
21 0
2 0
17 0
19 0
11 0
1 10 24 7 11 5 19 17 21 3 2 10
6 5 7 10 5 21 3
14 6 21 7 19 24 5 10
15 2 6 24
20 2 21 6
4 11 23 7 3 11 2 24 19 14 10 6 5
13 1 5
18 6 1 11 5 2 6 14
12 4 24 10 3 19
8 2 18 6
22 1 10
16 16 19 13 21 24 4 14 10 23 15 20 7 18 3 1 17 6
9 2 17 7

4 3
3 0
1 0
2 1 3

56 55
15 0
5 0
24 0
53 0
13 0
50 0
30 0
19 0
42 0
29 0
8 0
32 0
38 0
55 0
2 0
21 0
9 0
20 0
22 0
52 0
39 19 53 21 42 9 29 20 32 50 22 13 24 5 19 55 38 30 2 15 8
23 18 38 52 5 53 9 32 8 21 13 30 55 24 22 29 20 15 50 2
54 3 9 50 32
16 15 2 19 24 50 52 13 55 9 29 20 8 42 38 32 30
18 2 20 52
35 4 2 32 13 38
10 6 20 13 32 52 21 2
49 0
45 8 13 52 55 19 42 38 2 24
40 14 32 52 8 19 13 42 2 55 5 29 22 30 53 38
6 7 8 5 15 22 32 55 19
11 0
46 2 11 24
26 8 39 45 22 13 6 49 8 35
37 3 8 46 20
51 30 23 11 20 9 21 15 19 39 32 2 13 29 8 22 53 18 42 50 24 54 35 46 10 45 49 38 16 40 5 30
12 31 32 6 22 49 29 50 18 11 39 15 16 42 13 46 38 23 8 35 30 24 21 53 45 19 5 55 20 40 2 52 10
4 21 55 15 29 10 2 38 23 53 18 20 19 8 9 45 42 24 22 5 50 6 35
47 20 42 15 19 2 46 55 22 45 6 24 8 11 21 49 50 35 38 20 9 52
28 25 42 55 21 11 15 24 29 5 6 9 52 50 46 16 19 39 35 30 53 45 38 54 13 2 10
33 6 20 11 39 29 9 15
36 18 45 6 15 40 29 38 19 18 16 46 54 32 21 10 22 13 9 49
48 0
43 3 52 24 8
7 32 32 39 10 2 20 49 18 55 46 42 11 50 24 6 30 8 45 40 15 21 16 23 19 22 54 53 13 35 5 52 38 29
31 16 22 55 13 54 49 46 42 52 20 24 18 19 2 10 15 11
17 6 2 40 43 49 47 46
3 45 38 13 36 28 23 20 52 10 49 12 40 9 29 24 42 47 37 2 39 46 15 22 11 55 33 7 4 35 26 6 32 43 30 8 48 53 5 31 16 50 45 51 19 21 54
44 13 12 33 19 5 35 13 37 8 36 30 28 39 10
41 4 6 53 26 50
25 9 55 29 28 22 30 42 9 20 19
27 19 23 5 53 54 48 42 39 51 12 49 19 47 40 9 43 50 46 13 22
14 34 53 16 45 7 42 5 9 48 47 49 38 12 37 22 43 40 35 32 33 52 31 55 2 21 4 18 50 11 19 24 23 29 20 15
1 22 14 28 15 36 11 55 21 43 4 49 51 19 30 40 18 26 3 38 12 29 20 25
34 6 39 51 38 29 4 42

79 78
59 0
51 0
37 0
42 0
22 0
49 0
38 0
20 0
72 0
13 0
40 0
71 0
1 0
16 0
26 0
36 0
74 0
19 0
68 0
58 0
66 0
3 0
52 0
28 7 74 13 37 36 26 58 22
54 1 1
18 18 13 37 66 19 74 59 72 40 68 52 51 49 22 20 36 42 3 16
30 8 59 74 68 72 37 22 36 19
60 0
45 12 52 42 72 13 38 40 36 58 1 59 51 20
53 11 1 22 20 36 19 72 74 38 37 3 51
41 0
69 13 20 1 71 72 26 52 49 36 42 40 59 74 66
12 19 1 74 26 49 66 22 42 72 52 68 38 3 16 36 71 59 20 19 51
78 5 72 20 58 36 3
23 15 74 51 16 58 20 52 68 37 26 71 19 66 36 38 13
31 22 68 20 71 26 38 49 51 1 66 42 52 74 40 3 19 58 16 72 13 36 37 59
6 22 26 13 68 40 49 58 66 22 71 16 72 42 52 74 1 20 38 36 51 19 59 37
73 14 40 22 20 38 13 16 37 58 74 51 26 49 72 68
39 4 52 74 36 72
11 22 1 19 71 13 20 49 37 68 36 40 59 16 26 22 52 72 3 51 38 66 58 74
35 22 26 74 42 37 38 49 72 16 36 19 66 51 3 22 58 20 52 1 71 40 13 59
62 20 51 74 1 20 66 68 49 16 3 52 59 26 13 37 72 22 38 71 40 58
43 8 38 22 16 58 1 42 26 68
75 3 3 71 26
46 17 16 71 11 42 62 38 73 66 6 49 22 53 72 12 26 23 41
24 20 12 40 41 71 73 51 75 37 16 52 53 26 1 28 78 74 31 22 60 36
61 28 36 22 62 12 35 74 23 37 58 40 39 28 66 1 54 78 72 52 13 49 51 45 42 73 20 11 43 3
77 43 59 26 3 69 22 20 73 12 49 1 39 18 51 38 53 13 75 71 62 45 40 58 16 68 52 30 54 19 66 60 41 37 31 42 72 35 28 23 74 43 78 11 6
17 39 23 35 40 43 38 62 41 59 68 30 69 37 42 58 11 45 12 78 66 54 60 73 18 74 13 6 31 72 75 71 39 16 3 53 26 19 28 36 1
50 23 75 43 72 71 28 31 54 30 22 6 66 3 16 69 35 41 58 53 68 60 52 19 40
25 37 45 6 11 74 26 69 31 40 28 75 51 62 19 18 59 42 49 3 38 73 1 58 43 60 22 39 12 41 35 54 71 52 30 66 53 37 23
64 1 45
48 29 20 62 28 39 38 23 58 6 18 75 53 45 37 26 1 42 74 36 3 22 31 69 43 30 59 11 68 52 16
5 36 71 75 78 59 6 22 13 40 69 18 16 73 11 12 38 74 41 26 20 45 36 19 3 51 62 49 66 30 43 58 31 53 23 1 37 39
44 18 59 69 66 18 6 26 1 42 60 45 28 36 73 35 11 58 13 72
27 31 20 19 68 62 58 26 41 54 45 23 37 69 39 52 6 40 18 3 74 78 60 16 73 30 28 13 59 36 71 51 53
4 18 62 59 13 16 40 20 6 12 78 35 58 51 74 69 45 60 36 43
47 17 61 1 52 46 30 35 23 44 53 18 49 20 16 3 17 78 72
15 46 11 53 42 26 1 62 30 61 64 66 19 71 68 20 72 5 3 43 13 4 38 49 6 27 45 31 73 60 40 17 52 18 48 24 22 28 69 78 12 25 39 23 74 16 41 37
21 50 16 1 37 40 17 45 68 28 39 66 60 52 61 22 30 13 41 19 48 46 75 43 58 44 38 11 6 49 69 72 12 74 27 54 4 73 42 20 36 71 31 77 50 25 64 59 3 5 26 53
34 44 58 5 51 68 4 39 37 66 54 45 25 36 64 61 30 22 46 11 3 72 1 53 73 78 35 24 75 12 13 74 59 77 18 50 6 16 42 62 44 41 23 19 71 48
63 27 78 51 46 77 59 24 60 5 23 43 75 38 54 68 27 45 28 19 25 12 31 36 69 52 53 4 40
2 22 36 62 37 64 39 3 4 1 61 46 5 71 44 23 77 78 27 43 18 51 53 49
29 40 24 75 25 52 5 41 50 69 42 49 77 11 3 31 39 12 13 6 16 28 26 23 38 62 64 20 22 18 58 71 27 51 53 4 17 43 30 68 37 61
9 2 68 49
67 52 66 37 68 12 22 27 4 17 23 42 26 39 5 13 16 36 45 35 18 64 73 74 72 60 69 61 40 25 44 38 3 19 49 52 31 50 43 53 6 24 58 11 51 46 78 48 77 28 41 20 59 1
33 51 17 38 50 20 51 64 49 40 45 58 39 36 37 1 31 48 72 13 44 18 41 35 59 61 43 53 28 30 3 74 54 42 25 52 62 6 11 23 66 68 16 22 12 26 4 75 46 5 77 71 73
10 5 42 68 77 24 45
70 30 4 3 17 35 38 16 64 18 49 69 52 59 45 12 44 53 66 75 1 37 11 28 58 43 71 72 27 13 19 74
57 20 37 51 61 28 62 38 36 4 12 3 24 54 75 46 19 35 52 69 58 71
56 21 35 40 12 60 75 6 17 45 19 78 42 72 37 53 23 3 77 36 4 41 39
7 19 72 12 41 31 60 40 39 38 19 46 6 75 49 73 30 61 54 35 24
65 52 37 33 18 59 70 48 28 25 77 15 52 67 31 3 7 39 66 19 40 51 36 38 71 75 69 27 78 50 45 49 10 1 64 21 30 68 20 42 72 56 63 26 5 22 62 12 23 60 44 61 73 2
14 18 15 36 69 45 39 23 71 61 1 48 43 44 68 4 30 47 49 53
76 51 3 69 17 5 61 58 63 6 44 27 64 70 1 43 36 65 21 49 71 20 33 22 41 51 30 23 11 37 67 26 7 74 78 45 57 46 28 9 10 38 25 13 16 24 48 31 35 42 75 60 73
55 11 34 7 61 65 13 4 56 3 15 67 35
8 17 74 34 24 18 3 45 58 61 16 71 7 25 37 41 78 30 40
32 75 18 67 58 65 55 66 35 16 50 71 23 33 3 73 75 59 44 4 1 41 7 5 74 11 38 61 25 34 28 9 42 69 46 60 24 48 21 8 45 70 43 13 30 57 29 36 2 56 40 68 26 6 76 63 77 31 49 72 12 27 54 15 62 37 10 17 14 64 53 20 51 47 39 52 78

9 8
4 0
3 0
5 0
8 0
1 0
6 0
2 2 6 4
7 0

29 28
12 0
26 0
22 0
28 0
18 0
5 0
24 0
20 0
17 0
15 0
9 0
13 0
19 0
10 0
7 0
14 0
23 0
3 0
8 0
1 0
4 0
25 0
6 0
16 0
27 0
11 0
21 0
2 12 28 19 21 22 9 6 23 27 10 3 25 20

33 32
24 0
14 0
16 0
20 0
12 0
32 0
9 0
7 0
15 0
26 0
21 0
3 0
10 0
2 0
5 0
8 0
23 0
30 11 3 2 21 14 16 8 26 7 10 32 20
31 0
6 16 16 32 3 24 23 12 8 10 5 7 9 2 14 26 20 15
4 1 23
25 2 23 3
13 5 2 7 10 21 9
29 5 8 7 20 26 15
17 17 31 30 12 15 16 29 5 23 21 10 13 2 24 6 9 4 8
18 23 14 20 30 2 15 16 9 21 31 13 23 6 8 29 26 32 4 3 24 7 10 12 5
28 15 29 2 15 25 12 24 32 3 23 14 16 13 21 20 10
11 23 17 7 8 15 6 23 26 2 13 12 16 28 21 25 31 4 29 24 18 5 14 3 9
22 18 13 30 17 12 32 29 28 20 21 18 9 15 23 5 16 3 25 11
1 19 8 17 16 30 14 28 29 31 3 15 6 9 13 11 20 25 24 18 5
27 0
19 5 27 13 14 24 5

63 62
27 0
60 0
49 0
52 0
17 3 52 27 60
56 1 52
34 3 52 27 49
5 1 52
59 0
24 0
35 1 27
14 3 49 52 60
53 1 52
47 1 27
2 3 60 27 52
62 2 49 52
15 1 52
54 3 27 49 60
13 10 49 15 34 53 56 62 24 2 52 35
23 12 17 53 59 56 47 49 27 24 15 34 14 35
43 4 2 59 53 14
21 14 60 62 54 49 15 14 52 2 27 35 56 34 5 47
55 10 2 62 15 5 49 35 14 53 17 27
33 8 27 52 60 34 2 15 54 59
46 6 52 54 24 49 34 2
48 4 60 34 5 35
20 0
36 14 62 34 59 52 56 49 17 24 27 2 5 47 54 60
58 16 2 24 53 52 49 60 34 35 59 14 56 54 27 62 17 15
57 17 24 14 17 49 56 35 47 59 27 53 5 52 62 34 60 54 2
40 16 14 5 47 62 24 15 52 54 27 34 60 49 59 17 2 56
26 15 49 52 5 15 24 59 14 35 27 62 47 54 53 34 17
8 2 35 54
16 13 59 53 17 14 56 49 62 27 47 34 2 52 60
10 10 34 54 27 49 5 15 56 17 47 24
37 17 5 17 60 47 34 56 52 62 53 2 27 49 35 54 24 15 59
31 13 27 14 34 2 52 56 5 62 35 60 17 24 59
1 15 5 15 56 49 60 2 54 62 24 47 14 34 53 59 35
41 12 5 15 2 62 35 24 60 53 52 56 54 27
18 0
29 4 52 60 49 14
39 16 14 59 47 52 62 5 54 60 2 35 24 15 34 53 17 49
61 10 24 17 54 5 35 49 52 53 14 56
3 0
30 30 13 58 1 8 5 47 57 60 62 27 18 59 41 55 52 33 54 14 29 43 20 53 31 15 48 17 3 49 34 10
12 20 37 56 23 15 1 2 31 40 47 17 60 61 48 21 35 62 20 5 33 27
6 43 29 62 24 46 26 39 54 49 31 35 15 57 52 48 40 20 37 43 2 53 18 61 33 34 47 59 56 36 55 58 41 8 3 14 5 13 17 60 1 10 23 21 16
44 21 15 17 43 10 48 18 41 61 29 24 8 53 26 13 59 37 5 58 20 39 60
51 35 56 39 29 10 16 37 15 43 46 3 26 53 23 57 54 8 61 2 60 59 24 48 40 20 49 14 1 36 27 18 47 35 33 5 34
11 0
22 23 33 26 62 21 20 3 57 31 13 17 35 37 2 5 10 61 56 41 48 18 60 55 24
50 30 2 39 33 21 41 43 27 16 46 62 17 23 13 48 53 26 3 61 36 37 56 60 8 49 15 31 47 58 55 57
19 9 56 2 37 31 52 55 59 8 20
32 29 16 53 57 52 40 47 8 60 14 46 1 13 35 3 29 56 41 59 2 48 17 31 15 10 18 23 58 61 36
25 5 33 47 8 35 49
9 37 1 41 48 55 60 52 24 3 26 36 29 31 43 5 8 54 35 49 61 13 34 62 27 37 40 15 21 16 59 14 56 18 57 2 33 58 20
45 12 47 26 17 61 14 5 16 36 60 53 15 46
7 42 54 62 40 16 48 47 2 31 27 35 34 8 61 3 14 5 17 1 46 15 33 13 55 36 21 60 53 20 49 37 59 52 39 24 26 23 58 18 41 43 10 29
4 36 49 56 2 47 46 27 10 33 23 36 16 61 39 58 21 13 35 43 52 62 18 59 60 48 55 20 5 8 57 54 1 31 40 37 53 14
28 5 39 57 61 59 16
38 26 2 59 21 18 4 30 47 53 48 20 52 39 9 16 55 22 3 27 44 5 49 17 28 7 14 45
42 25 32 44 1 10 4 34 53 7 6 8 52 37 18 21 41 30 46 11 15 20 50 36 45 17 3

17 16
13 0
6 0
3 0
5 0
1 0
9 0
11 0
8 0
12 0
15 0
7 0
2 7 5 11 9 15 12 13 3
10 6 12 9 5 7 15 11
14 8 13 1 6 15 8 7 9 3
16 7 7 9 5 11 2 14 6
4 2 3 1

79 78
57 0
43 0
26 0
49 0
76 0
6 0
62 0
60 0
38 0
48 0
74 0
25 0
33 0
3 0
51 0
71 0
21 0
31 0
17 0
66 0
39 0
72 0
2 0
8 0
4 0
63 0
59 0
10 0
78 0
14 0
29 0
64 0
44 0
65 0
11 0
18 0
16 0
50 0
35 0
36 0
27 0
32 0
67 0
1 0
69 0
40 35 35 51 31 71 32 1 3 66 21 57 16 14 67 2 78 27 62 18 64 36 49 63 33 38 29 39 26 25 72 44 65 43 48 17 60
46 41 16 64 33 17 39 49 69 18 71 3 60 25 78 72 31 27 29 32 10 65 48 44 4 66 38 43 76 57 26 2 11 8 6 50 63 14 36 74 21 59 35
77 2 74 60
13 4 8 48 69 11
52 4 48 33 1 51
9 34 17 48 65 11 36 66 78 43 14 35 50 32 67 38 8 39 44 49 1 3 16 60 26 51 27 76 21 18 63 72 10 29 57 31
22 10 14 44 32 62 50 6 63 48 66 26
61 0
23 31 36 44 71 2 63 67 65 64 18 33 1 69 59 17 32 29 3 16 66 14 21 31 49 38 57 78 39 27 8 10 60
73 4 6 31 43 78
15 11 69 17 74 60 36 78 26 11 63 10 65
42 40 2 71 44 66 50 65 29 59 48 76 11 64 8 31 3 39 32 35 57 16 10 38 67 51 60 78 6 36 62 49 69 14 72 25 18 74 17 63 43 4
41 28 59 69 32 38 35 14 1 60 62 64 48 72 76 57 16 65 25 11 78 67 29 31 74 4 6 43 2 33
5 17 4 36 59 3 65 66 64 18 67 31 78 26 63 10 48 8 25
47 15 29 3 6 74 65 63 49 64 38 59 72 32 50 26 43
34 14 8 78 16 60 57 69 26 18 4 14 17 43 51 32
56 19 62 72 78 66 27 33 32 64 18 31 36 74 16 67 10 65 17 59 1
12 13 35 4 39 63 74 1 43 72 44 27 26 66 67
58 6 48 3 57 33 16 60
20 43 43 71 14 18 32 59 78 69 3 26 10 38 25 2 16 50 4 65 27 60 57 44 8 17 67 35 66 33 21 74 64 76 11 48 6 36 63 72 31 39 29 1 62
70 35 29 26 3 74 78 8 48 11 69 35 16 65 10 18 32 33 36 38 51 64 57 59 44 43 50 21 72 49 25 39 2 60 1 67 76
53 7 43 39 44 11 51 16 35
19 3 67 10 73
37 44 74 16 64 13 32 3 2 12 51 34 69 70 14 9 61 33 5 66 39 18 15 29 76 22 6 47 71 40 20 60 8 53 35 73 36 17 10 65 50 46 4 25 72 21
24 2 44 74
28 49 73 25 39 49 58 67 2 43 72 34 65 6 18 42 22 31 8 59 77 53 46 1 3 17 29 11 33 66 20 40 69 61 38 36 13 16 15 78 10 23 5 71 9 51 4 27 19 60 62
7 16 9 40 48 22 71 3 38 19 16 10 49 43 18 11 73 41
55 31 74 72 24 37 48 51 35 4 66 5 16 57 15 58 17 34 14 69 60 10 59 25 19 40 20 64 36 8 29 27 18
45 64 29 21 35 18 33 44 23 43 6 32 14 76 61 40 59 26 24 15 74 8 12 37 73 38 63 67 58 19 27 5 20 11 49 48 65 31 17 66 42 25 57 4 34 77 13 22 64 53 62 69 1 10 39 56 60 72 78 9 70 3 16 52 46 47
54 31 78 2 17 33 31 18 28 52 19 3 65 58 5 45 14 36 20 4 1 55 59 48 49 12 25 37 22 6 11 39 62
30 0
75 20 65 18 42 24 31 66 20 9 55 70 13 56 59 14 44 4 10 2 73 25
68 26 23 54 60 43 57 45 28 11 3 46 49 70 58 74 40 44 67 48 52 7 62 34 47 55 8 21

86 85
65 0
17 0
63 0
4 0
64 0
23 0
66 0
35 0
36 0
10 0
69 0
6 0
30 0
77 0
49 0
40 0
28 0
83 0
42 0
45 0
51 0
26 0
16 0
47 0
15 2 47 69
1 22 47 4 28 17 40 51 65 45 69 10 36 49 63 77 30 6 42 23 16 83 64 26
58 20 77 23 51 49 28 4 17 83 36 30 26 40 10 69 64 16 65 47 35 63
67 2 16 45
76 3 28 40 36
27 21 6 64 47 69 26 65 77 16 63 30 40 28 45 17 23 49 36 4 35 83 66
21 15 28 4 42 49 64 66 35 69 83 45 17 77 23 36 26
11 0
52 1 83
41 9 40 66 35 83 49 10 45 6 63
34 2 28 83
8 3 47 6 26
72 6 49 17 63 47 26 6
37 5 83 28 23 47 26
12 4 42 63 6 45
9 5 26 42 69 47 65
55 11 30 35 63 10 23 66 36 40 49 16 28
25 13 65 40 64 69 10 45 36 42 4 30 35 26 28
74 7 17 4 42 69 26 40 16
14 23 49 17 26 16 45 51 23 63 40 83 47 4 65 28 42 64 6 69 35 10 36 30 66
56 20 83 42 51 23 49 16 47 65 4 69 64 10 17 63 77 66 36 26 40 30
73 10 47 83 36 51 23 6 10 77 64 40
19 2 49 65
7 23 69 51 17 30 6 16 28 40 77 63 36 42 45 66 23 10 83 26 49 47 64 65 35
39 4 49 35 23 77
50 12 66 6 42 40 36 16 35 23 47 51 69 30
43 20 10 23 45 6 65 77 35 16 51 26 49 47 83 36 30 42 4 28 69 64
33 10 17 49 65 23 35 42 77 6 66 30
22 18 23 47 83 66 26 17 6 10 40 69 16 64 45 30 36 42 35 65
85 1 42
24 1 10
78 13 28 63 17 40 23 36 49 66 6 51 65 4 42
59 16 42 4 30 69 16 65 40 64 45 17 35 51 36 10 49 66
62 10 66 28 69 65 49 4 6 64 26 40
2 8 42 28 66 64 10 23 17 6
31 9 42 66 77 63 16 35 64 17 6
18 15 4 49 42 66 65 51 26 63 17 30 69 45 10 47 16
46 22 6 69 4 45 42 30 83 49 63 65 66 10 28 51 64 23 17 16 26 36 47 77
82 8 6 16 23 17 36 69 42 35
13 6 63 30 23 64 83 66
84 22 36 83 69 6 16 65 35 63 49 64 40 77 26 28 47 66 4 30 10 45 23 51
3 7 26 10 17 47 45 63 69
32 1 36
79 4 17 36 83 64
5 18 6 47 42 10 16 4 28 51 83 49 30 65 17 66 45 23 64 35
57 14 69 47 51 23 63 4 66 35 17 83 28 30 6 42
38 22 69 30 28 40 4 47 26 51 10 49 63 66 64 23 16 83 6 36 45 17 77 65
61 5 28 77 23 10 35
71 0
20 10 77 35 23 42 40 17 4 49 10 16
53 73 84 23 35 71 37 49 69 77 85 58 64 82 9 38 46 31 11 45 57 79 2 61 65 43 21 50 18 83 19 34 56 51 4 59 62 40 6 7 47 24 26 66 16 14 55 25 67 12 17 52 36 20 32 41 8 30 63 3 1 33 10 5 28 78 27 74 39 15 73 22 76 13 42
29 19 64 45 62 21 17 23 28 12 22 46 4 39 33 15 74 16 37 82 5
44 70 41 66 36 33 77 30 6 15 37 85 84 22 69 65 31 35 12 38 46 5 50 27 34 47 51 79 39 7 72 43 4 16 1 63 64 24 58 2 74 3 21 55 17 28 62 78 56 11 52 67 32 49 10 40 18 73 20 57 42 13 61 8 83 45 14 25 76 59 19 82
80 14 33 71 23 39 82 11 57 16 5 21 3 20 12 63
75 31 64 84 49 12 16 67 22 15 32 3 42 57 78 51 10 39 61 24 52 82 28 59 66 27 2 62 65 13 76 9 55
68 16 22 52 36 59 16 69 23 18 41 43 37 31 58 76 14 67
60 14 67 59 6 29 49 55 9 52 22 53 79 36 75 38
48 14 39 79 73 85 28 32 38 51 58 80 7 9 59 52
54 38 83 73 39 9 28 7 26 62 79 65 36 17 45 71 19 49 48 21 27 15 38 82 23 59 63 72 52 35 80 14 16 32 4 46 42 18 43 1
81 34 6 65 73 20 25 79 17 67 62 56 32 61 84 54 41 80 16 38 37 45 22 26 3 13 2 42 51 40 48 1 47 43 83 34
70 23 34 37 38 46 80 36 13 71 12 83 29 6 15 22 85 11 27 64 54 18 81 44 47

98 97
23 0
74 0
8 0
69 0
45 0
91 0
58 0
89 0
85 0
96 0
84 0
39 0
11 0
12 0
57 0
92 0
15 0
64 0
7 0
47 0
25 0
70 0
38 0
80 0
4 0
43 0
77 0
62 6 85 58 84 43 57 12
31 2 11 84
87 6 96 77 57 38 64 85
6 16 74 43 84 91 92 11 38 58 96 89 85 64 57 39 7 70
10 5 77 12 70 80 43
27 7 58 8 43 11 23 85 25
24 12 45 4 43 15 69 11 8 58 64 39 12 85
86 16 4 47 8 23 12 74 58 45 57 15 92 96 69 39 84 38
61 6 8 74 91 45 77 64
19 6 69 23 15 70 77 45
28 14 69 43 8 74 70 58 84 15 77 64 23 11 89 4
33 10 11 91 58 43 96 89 57 64 39 7
32 5 25 39 64 80 74
59 14 58 25 91 7 92 4 74 38 96 15 43 8 69 11
5 25 4 96 11 80 91 8 43 70 69 45 77 38 58 25 39 89 12 84 47 85 23 7 64 74 92
94 10 70 69 38 64 4 77 92 47 8 15
67 26 11 25 92 4 80 39 15 7 89 43 85 96 77 45 38 57 91 12 69 8 64 58 74 84 23 47
51 8 23 12 77 15 39 8 80 45
34 14 84 23 69 12 25 8 57 47 70 92 64 45 85 11
3 21 15 47 92 96 43 4 57 69 91 85 84 64 74 25 7 39 77 11 45 12 89
55 0
37 8 57 70 74 77 11 84 25 8
93 21 4 92 25 84 70 8 74 96 77 7 43 45 39 80 91 12 85 23 89 57 64
16 10 89 23 11 8 91 85 4 12 57 74
54 22 39 38 92 7 15 91 85 70 23 4 89 77 84 43 45 47 69 64 74 25 80 12
71 12 58 64 69 39 84 45 80 57 7 43 89 12
36 24 77 38 39 91 64 47 84 11 85 92 7 89 58 43 25 8 80 15 96 74 4 23 57 45
21 14 57 15 39 64 84 11 70 69 38 80 7 8 12 96
97 16 84 85 39 38 43 11 91 8 23 7 57 92 69 12 47 4
81 26 38 11 15 23 4 58 8 69 47 91 45 57 70 89 12 39 43 80 85 74 92 64 84 25 96 7
56 23 8 58 11 77 12 85 57 39 96 69 15 43 38 4 91 7 64 89 80 74 92 25 47
78 10 91 92 7 64 47 58 38 74 89 77
88 6 92 15 45 47 23 84
90 9 69 7 25 8 47 15 38 77 92
40 22 84 25 38 7 23 11 8 91 4 39 80 15 12 58 70 77 47 69 74 85 57 64
82 7 85 77 57 15 92 69 89
20 10 69 25 43 58 70 96 80 92 8 7
2 1 57
18 16 91 15 89 58 7 85 39 70 25 45 47 64 77 69 92 11
50 2 74 80
41 6 96 89 25 92 77 47
66 20 64 80 89 4 77 92 96 43 39 91 69 8 23 70 47 12 25 45 57 38
35 12 64 70 43 58 89 92 69 85 84 45 96 47
72 2 43 25
65 10 15 43 85 12 4 96 11 45 38 69
48 26 23 38 91 15 7 45 43 57 11 92 96 70 69 4 8 25 89 58 84 85 64 77 47 12 80 39
13 11 80 47 39 15 58 11 70 85 12 25 89
14 5 39 15 85 57 92
83 9 25 96 38 77 45 69 74 4 89
44 17 69 92 58 70 84 25 12 85 77 8 4 80 23 7 96 39 47
22 0
29 3 39 69 23
9 13 23 91 43 8 4 45 84 11 7 57 92 64 38
52 9 57 89 25 4 43 11 92 91 64
30 18 70 85 92 64 96 77 38 74 15 23 47 57 11 8 58 45 39 69
79 49 84 57 69 38 8 4 55 37 90 40 65 86 48 81 82 61 77 9 32 39 91 70 85 10 88 97 24 72 13 51 80 43 59 93 31 83 62 94 87 96 30 29 71 78 5 2 66 89 3
1 42 72 59 69 28 20 79 57 4 19 65 38 91 88 44 11 32 89 25 87 3 8 45 43 51 50 16 85 66 90 96 18 83 93 64 40 67 81 86 61 58 82 74
26 16 21 67 6 14 52 71 54 12 84 9 93 86 48 78 69 55
95 36 8 90 69 50 78 19 47 34 31 14 20 30 25 33 91 16 97 32 45 88 40 89 80 15 1 11 72 44 92 85 13 38 70 77 12 71
46 0
17 33 29 78 16 82 88 72 33 50 24 1 21 45 39 51 61 8 13 86 56 70 97 66 67 52 28 9 43 48 79 77 6 83 81
42 48 57 19 59 37 77 96 47 32 6 29 85 28 12 7 36 74 51 5 40 35 69 91 21 65 66 14 86 33 10 11 22 27 44 64 54 92 58 72 81 62 34 43 13 8 55 82 2 79
60 51 88 8 51 57 34 59 18 48 84 66 55 69 29 41 54 86 3 80 6 62 38 65 85 24 31 13 33 39 30 61 77 79 20 27 96 64 52 4 9 11 87 74 81 28 56 50 89 44 45 43 1
75 22 36 13 16 6 65 88 23 70 97 48 85 19 47 32 35 77 82 37 5 80 84 20
63 4 21 33 50 16
73 2 63 24
49 33 51 93 71 16 34 14 88 59 96 69 38 66 30 57 79 47 11 26 94 27 46 91 81 15 64 60 67 24 62 31 20 37 85
68 70 75 92 11 23 88 52 51 34 31 17 25 67 19 20 77 80 58 33 29 48 35 5 69 43 16 28 63 55 97 49 61 4 60 78 46 87 41 83 42 45 26 85 27 64 94 8 13 96 57 12 89 36 22 72 37 81 95 6 18 32 54 66 44 21 70 71 74 9 47 2
53 80 94 95 15 26 8 24 14 17 65 97 96 43 84 36 60 70 51 82 16 42 88 80 56 3 38 1 30 91 64 2 19 31 41 54 39 40 29 13 86 12 18 22 93 72 7 44 52 23 47 78 63 20 49 32 79 59 81 83 61 50 37 9 45 33 92 27 62 25 66 11 75 73 85 69 46 77 4 67 35 55
76 11 93 7 6 29 14 52 44 33 90 21 78

1 0

95 94
52 0
42 0
8 0
85 0
72 0
80 0
69 0
5 0
86 0
10 0
75 0
90 0
35 0
26 0
65 0
77 0
76 0
54 0
89 0
11 0
41 0
38 0
24 0
45 0
15 0
81 0
22 0
46 0
84 0
31 0
25 0
56 0
34 0
59 0
48 0
51 0
82 0
83 0
27 0
30 0
47 0
58 0
74 0
67 0
14 0
71 0
6 0
63 0
13 0
70 0
73 0
92 0
23 0
12 0
3 0
29 0
33 0
2 0
91 0
17 25 30 42 91 31 23 22 84 59 73 29 27 51 47 35 14 72 89 45 58 74 83 25 33 2 92
49 31 5 24 63 13 23 2 83 31 34 59 76 27 38 65 11 41 73 6 86 82 33 91 70 54 22 81 80 85 48 72 12
68 58 85 51 45 29 56 31 75 76 59 27 38 47 10 82 23 72 67 42 58 91 84 34 12 46 69 52 41 83 90 25 26 24 30 74 71 2 80 89 11 54 81 14 3 63 70 15 92 73 8 48 13 33 65 86 22 35 6 5
94 39 75 92 14 2 30 58 63 65 46 90 72 42 91 24 54 51 73 74 8 47 26 25 71 31 56 83 48 69 5 80 15 35 82 3 23 38 33 84 67
16 18 47 2 27 54 70 73 23 42 22 34 33 31 10 12 15 65 74 25
19 22 2 24 70 5 30 23 42 56 13 47 15 72 73 45 81 48 14 22 89 26 10 74
57 20 15 54 8 23 13 90 2 74 11 72 58 3 65 76 84 22 14 59 83 70
64 12 51 72 30 29 70 47 22 38 26 31 92 71
79 43 10 70 31 38 35 73 42 41 12 22 58 54 82 74 75 84 25 71 8 33 51 24 67 5 69 15 85 45 72 91 65 29 13 48 6 76 77 83 3 23 11 52 14
43 53 27 86 31 5 74 79 51 68 41 14 3 89 94 8 24 90 45 12 34 82 26 84 49 71 65 46 58 67 54 77 11 81 92 42 85 35 2 75 52 17 29 47 16 13 80 69 33 72 23 25 63 56 30
36 30 24 42 23 35 12 85 64 19 52 56 45 27 81 2 38 59 54 16 41 67 8 69 14 72 58 82 33 63 65 75
21 42 73 85 65 69 91 42 63 3 59 35 86 8 51 76 14 64 58 82 90 17 29 27 26 13 46 34 68 52 81 70 49 47 54 56 79 23 48 83 22 94 57 11
9 8 67 26 16 65 82 5 47 57
32 4 19 57 6 69
78 40 73 48 67 84 17 79 16 13 24 19 6 68 94 34 45 85 47 65 69 80 26 41 71 77 42 49 86 15 82 91 46 75 31 25 70 89 92 33 81 11
53 24 58 91 11 2 67 46 70 79 31 10 47 54 86 81 42 68 80 63 14 22 71 74 65 56
60 8 5 14 72 27 57 65 6 41
62 3 81 54 64
39 1 94
61 46 11 17 63 54 16 6 70 33 30 75 10 79 65 94 13 48 8 89 41 56 24 90 52 15 84 26 58 69 71 35 92 34 85 74 23 59 38 82 19 91 47 42 76 27 81 64
1 5 64 15 8 41 17
20 15 25 59 90 30 46 94 51 47 71 89 85 10 79 83 84
88 50 76 17 84 26 80 29 82 3 81 64 48 83 11 47 94 5 71 90 49 52 73 22 33 27 70 14 72 74 10 57 31 51 30 38 63 58 59 25 15 13 86 24 54 65 16 91 77 23 19 46
44 60 34 52 94 19 77 1 74 17 79 3 20 32 14 27 48 58 89 56 24 80 71 54 91 69 23 10 60 57 67 65 33 73 49 21 46 75 76 88 12 68 5 85 9 41 45 62 2 25 31 70 90 8 15 82 47 16 63 51 64 29
55 55 53 94 25 92 83 33 32 75 68 76 3 41 10 71 12 89 27 62 58 1 24 59 17 6 67 8 69 45 79 20 31 39 38 26 88 54 49 22 48 72 82 90 30 74 64 60 86 65 34 81 70 61 85 77 16
50 44 11 90 88 20 19 78 54 86 34 12 48 52 29 26 91 10 31 6 83 49 64 56 79 72 16 77 42 75 55 61 14 51 89 45 17 8 3 27 81 36 47 70 60 85
87 35 48 11 6 42 52 32 19 71 47 9 77 49 80 63 61 85 29 21 73 8 56 17 84 64 1 59 69 43 72 74 70 67 58 34 24
18 26 79 36 63 45 65 91 41 54 76 31 30 16 77 67 83 5 75 38 56 2 33 15 50 43 29 42
40 30 9 92 58 33 8 14 29 67 2 21 27 20 41 19 88 86 73 6 32 44 38 80 47 90 71 78 50 1 77 45
4 2 79 6
7 36 92 62 22 27 16 73 15 55 17 23 6 70 74 82 87 59 60 33 8 9 29 80 91 35 89 38 3 67 69 84 20 32 14 63 56 94
37 45 12 3 36 6 87 23 7 60 18 44 38 84 49 35 14 30 21 77 59 69 10 1 63 68 51 67 61 62 34 48 86 72 83 43 24 52 64 26 2 55 41 53 32 5 39
93 50 78 61 33 44 82 52 76 29 73 24 13 63 59 55 67 11 9 54 87 1 20 74 21 43 26 91 3 60 41 71 7 84 23 12 19 50 42 58 86 49 39 62 83 75 51 47 92 34 46 16
28 88 77 59 90 94 49 2 81 29 40 83 43 80 63 4 6 13 7 20 41 61 64 24 68 19 44 32 14 8 42 34 52 15 1 69 65 31 78 56 57 89 45 76 22 46 60 73 27 88 11 55 53 16 18 70 92 12 62 93 35 58 17 82 26 39 86 21 36 30 50 38 5 67 74 10 3 79 75 51 47 54 37 71 9 85 87 84 33 23
66 17 42 2 94 93 17 82 85 23 39 87 50 40 89 47 35 53 91

58 57
41 0
34 0
37 0
1 0
8 0
46 0
23 0
55 0
56 0
16 0
33 0
57 0
38 0
47 0
14 0
9 0
43 0
22 0
12 1 9
45 5 37 8 41 56 16
52 4 56 38 43 1
29 11 56 1 22 41 46 8 38 43 57 14 47
36 6 1 46 22 55 43 57
49 17 55 14 46 57 56 33 38 8 37 47 34 9 16 22 41 23 43
28 15 47 8 46 55 56 41 14 37 22 43 16 9 33 38 57
39 3 16 47 22
35 16 46 47 8 57 33 22 38 34 37 56 43 16 41 23 9 55
25 1 38
24 14 33 23 56 43 46 22 1 34 57 8 38 55 16 14
3 7 9 1 16 47 57 56 22
20 10 14 8 9 23 38 57 16 43 33 34
32 4 38 55 1 37
15 3 41 43 16
53 12 34 38 23 14 55 16 1 56 33 22 9 43
40 1 46
26 7 16 43 56 8 1 34 14
18 8 46 43 8 41 16 55 38 57
42 3 55 1 16
44 7 41 16 37 55 43 34 23
4 9 14 20 9 33 49 40 12 16 29
21 13 14 38 43 44 55 45 3 20 8 47 23 56 25
50 32 52 42 44 39 18 37 8 57 24 32 36 28 33 16 14 41 23 3 45 56 9 1 25 34 12 38 53 40 15 29 49 55
6 15 16 42 15 20 28 33 45 52 55 44 36 14 57 38 8
2 12 3 8 49 56 33 24 43 28 44 57 25 22
19 0
13 28 26 12 34 15 18 3 23 33 49 9 20 57 43 44 8 28 41 35 46 45 24 22 16 47 32 56 29 55
10 13 33 35 42 32 41 52 36 57 46 14 24 40 22
30 11 43 16 18 40 1 57 55 24 3 56 9
11 20 8 1 46 36 24 18 41 55 16 20 3 40 32 57 42 53 43 22 15 56
51 19 3 37 29 41 33 49 56 18 45 24 9 32 55 8 57 15 25 43 38
27 24 1 56 41 35 45 38 47 26 24 37 40 32 25 53 33 29 12 15 57 42 28 23 44 55
17 25 38 42 35 52 8 32 22 49 43 36 20 40 37 55 12 34 44 41 25 39 15 57 18 33 26
31 20 16 29 1 14 56 8 15 47 53 39 20 28 24 32 52 33 45 57 12 9
54 21 1 24 43 42 16 18 34 25 14 39 52 49 38 57 53 22 12 40 55 8 15
7 6 33 25 45 8 40 22
48 53 12 36 56 43 7 55 49 6 10 33 20 46 26 30 19 40 37 11 44 27 51 50 15 18 14 3 53 4 32 2 31 21 54 1 47 23 45 42 57 9 35 29 13 24 22 16 28 34 17 41 52 39 25
5 33 15 12 1 53 45 54 57 7 52 11 34 25 48 56 9 17 20 50 36 3 10 43 35 14 40 4 2 21 18 29 6 27 24

81 80
55 0
66 0
27 0
45 0
61 0
44 0
51 0
8 0
31 0
19 0
72 0
23 0
54 0
37 0
9 0
76 0
26 0
15 0
69 0
20 0
46 0
1 0
16 0
57 0
40 0
33 0
65 0
34 0
25 0
59 0
18 0
7 0
3 0
78 0
58 0
53 0
10 0
50 0
5 0
4 0
24 0
13 0
2 0
36 0
62 0
47 0
14 0
35 0
70 0
38 0
77 0
6 0
74 0
39 26 13 51 70 37 38 74 50 23 62 45 8 33 2 46 1 31 19 16 78 54 18 24 65 44 69 35
49 14 10 61 20 24 3 44 26 33 55 36 34 65 38 62
30 29 7 6 18 58 76 14 26 27 8 72 78 54 19 57 59 37 69 2 1 38 50 45 23 10 9 77 3 46 33
71 46 33 26 10 1 74 4 13 78 7 55 8 58 46 57 38 25 40 2 15 19 76 5 54 36 9 70 27 24 37 45 35 16 6 23 3 51 65 77 20 53 59 44 62 47 66 61
80 37 37 38 46 13 74 20 66 15 33 54 35 2 25 40 6 16 58 34 45 55 1 23 36 14 10 57 51 62 69 44 18 26 5 77 8 4 61
64 34 19 14 50 27 6 25 3 57 4 78 58 23 5 72 62 55 53 10 59 46 40 77 13 31 69 54 34 65 35 66 7 20 76 33
56 3 16 72 5
32 45 74 54 44 18 1 25 16 2 69 19 24 33 70 36 9 78 4 38 14 3 50 51 59 15 58 65 57 40 37 27 26 35 55 20 34 23 53 46 76 61 66 31 45 77 5
68 9 55 37 61 69 26 27 5 77 38
17 48 76 13 15 65 78 59 26 53 74 10 57 55 38 1 3 18 4 46 2 54 45 5 44 6 35 66 8 72 50 19 62 58 7 20 16 24 27 47 40 31 9 70 69 14 23 61 37 36
67 39 59 25 16 8 77 62 34 13 37 10 65 38 2 66 15 24 19 69 40 57 45 20 5 27 31 55 3 46 72 76 35 61 78 36 26 33 54 1 47
29 1 70
63 20 15 19 54 6 38 66 3 14 47 20 59 31 65 57 36 5 9 27 76 55
11 6 74 26 57 8 53 51
28 47 59 4 36 5 66 24 65 74 1 10 2 25 61 44 33 58 9 70 26 72 55 69 51 37 14 34 16 54 6 77 78 18 13 53 40 23 19 15 31 7 38 3 46 8 20 62 57
22 55 37 51 68 55 39 15 72 29 49 2 27 45 4 17 65 44 16 11 61 5 38 54 3 26 78 7 19 57 80 74 50 40 69 30 63 67 8 64 46 13 24 33 35 32 34 56 77 59 14 31 70 18 6 76 28
52 57 58 46 70 1 11 66 53 38 64 32 23 40 16 33 13 44 61 14 47 77 30 34 54 20 39 74 76 56 10 49 18 80 51 19 37 55 25 9 26 3 8 6 67 27 62 17 78 50 59 63 57 65 45 31 68 28 29
79 51 77 70 25 16 56 69 47 15 59 55 51 1 63 46 29 54 78 4 35 19 11 65 61 40 39 44 64 13 36 33 68 71 8 9 34 18 6 7 14 3 62 5 57 67 37 17 28 50 26 45 24
12 21 78 39 6 44 56 5 37 53 17 58 67 32 64 40 8 54 45 1 23 16 30
73 39 80 51 26 30 46 68 8 5 13 20 23 39 24 40 69 14 35 55 19 32 9 18 25 64 57 2 72 1 33 10 38 7 28 56 4 3 53 50 16
48 49 33 27 69 62 77 34 49 58 19 7 9 64 80 18 5 65 78 76 25 2 13 28 71 26 6 1 51 63 40 17 4 74 45 36 56 61 57 46 54 70 68 55 44 10 53 38 3 37 11
60 4 34 49 13 25
75 25 16 57 49 3 35 76 17 56 72 66 31 59 70 14 4 7 36 46 68 54 77 38 6 2 69
42 52 4 65 11 17 64 24 56 20 45 71 16 2 39 33 70 29 37 68 62 66 77 53 57 13 80 10 19 51 8 58 36 67 25 46 59 34 28 47 44 14 76 26 9 50 31 15 49 74 1 63 23 5
43 8 13 16 54 36 3 6 70 51
41 50 77 56 60 50 79 69 2 20 3 71 25 34 10 1 35 12 46 54 65 42 78 28 55 22 16 33 32 7 8 30 6 49 29 15 61 47 36 52 44 72 64 70 59 53 80 67 11 37 14 27
21 5 25 64 4 67 71

89 88
77 0
66 0
17 0
16 0
34 2 17 77
57 1 17
45 1 77
5 1 66
15 0
84 0
32 3 77 66 15
6 9 66 84 57 5 45 34 17 77 15
68 1 45
30 9 84 15 34 57 45 16 5 66 17
10 7 45 57 66 77 15 17 34
33 0
60 1 5
82 9 10 5 66 57 33 30 17 32 6
3 0
59 13 45 60 30 34 6 68 5 10 32 57 66 33 15
39 8 66 45 5 68 17 6 32 16
12 5 84 60 33 68 57
80 6 5 32 10 34 57 77
38 5 34 77 32 15 60
36 16 66 16 5 6 84 30 45 57 32 34 33 68 10 60 77 17
26 15 16 17 45 33 66 68 77 6 57 15 32 84 30 10 34
88 12 57 60 33 84 10 34 77 16 17 30 15 68
23 14 30 45 5 17 77 57 66 10 60 34 15 16 84 32
31 4 33 57 10 16
78 0
86 9 33 16 57 84 34 66 45 5 10
55 16 16 68 10 30 33 15 32 17 60 57 6 34 66 5 45 77
69 2 32 5
49 12 32 6 34 77 30 15 57 17 10 84 16 33
54 12 30 33 6 45 5 84 32 66 77 68 34 60
44 8 32 60 84 30 57 77 15 6
53 8 32 6 30 68 77 57 45 34
65 16 77 30 84 66 16 57 5 32 45 60 15 34 10 68 6 17
4 15 34 84 10 66 60 17 30 68 32 77 33 45 57 15 6
52 5 60 77 45 34 66
83 4 68 77 45 30
61 14 84 33 60 57 10 30 34 5 16 15 17 32 6 68
74 15 10 5 77 68 45 15 30 17 16 84 66 32 6 60 57
70 7 33 82 4 44 84 36 31
18 14 6 60 83 17 86 77 78 88 33 44 82 31 10 54
21 23 32 44 4 60 69 34 83 55 57 74 36 65 10 66 84 78 17 45 33 5 80 39 38
75 25 80 12 53 77 5 31 30 39 3 16 52 38 17 6 33 10 83 60 34 54 49 69 78 86 32
42 37 84 61 88 15 78 3 34 82 17 30 86 23 16 83 69 39 4 60 33 54 68 49 44 31 45 77 80 12 32 55 5 66 36 59 10 52 53
40 17 26 15 44 6 82 74 33 49 12 83 16 53 30 69 80 68 61
63 14 69 45 82 4 33 3 32 31 5 80 74 55 59 65
24 28 15 39 53 61 55 34 78 49 36 16 80 45 86 84 5 6 57 3 69 74 59 82 4 26 12 30 68 66
41 39 83 16 3 33 15 60 5 84 61 34 10 36 26 78 49 59 86 53 45 55 68 52 12 54 88 4 65 57 30 77 17 23 6 74 38 82 44 31 69
62 16 49 16 84 32 39 78 34 30 4 17 44 3 6 33 86 36
67 35 83 10 31 45 59 69 77 38 34 86 53 39 80 74 44 36 54 23 65 33 66 12 55 57 84 30 32 26 68 16 17 82 4 3 49
64 35 5 69 54 55 88 57 4 36 78 83 77 10 52 68 3 31 33 59 30 32 49 16 34 12 23 15 84 45 86 39 66 61 60 38 65
2 20 32 12 82 17 84 55 59 66 44 80 57 54 77 33 39 74 5 16 60 4
28 10 78 12 17 39 36 57 69 66 74 16
37 5 78 49 33 65 60
56 34 86 23 38 77 84 80 16 6 54 82 68 52 59 36 32 61 74 53 15 31 33 34 3 57 5 78 26 10 66 55 60 69 45 49
47 19 59 15 88 65 32 17 66 83 34 31 26 49 80 54 3 84 23 12 39
27 41 66 54 57 17 86 84 59 55 52 49 39 32 26 3 38 69 82 61 4 78 83 31 77 16 80 45 65 36 53 68 33 23 6 88 15 34 10 74 12 5 30
81 21 77 60 32 55 59 52 39 26 61 82 53 49 17 30 57 38 54 65 78 80 33
1 24 34 65 38 61 4 88 54 39 83 68 12 6 77 15 59 3 32 52 26 78 30 36 55 82
46 37 59 6 74 39 36 12 65 5 53 30 66 52 60 86 32 84 83 34 69 33 4 54 80 61 78 44 3 49 82 38 26 23 45 15 31 10 55
14 40 52 38 55 80 31 82 74 12 17 15 88 68 16 65 69 34 39 44 3 6 77 54 66 26 32 33 53 30 60 45 4 83 86 36 23 59 10 49 84 5
71 19 15 10 17 39 53 57 38 68 66 36 49 69 30 52 6 44 32 77 84
72 15 5 60 84 78 12 69 80 30 36 82 61 55 65 38 86
43 42 65 26 32 84 82 33 57 69 17 23 53 59 31 3 34 66 10 55 61 15 80 54 6 45 78 52 30 16 38 86 60 4 39 5 36 68 88 77 12 44 83 49
73 60 82 23 84 18 2 74 80 34 41 61 31 57 64 75 68 83 67 55 42 38 14 10 81 86 15 5 27 59 46 43 36 66 28 49 37 47 17 62 21 71 54 69 53 72 77 88 60 30 65 45 40 12 52 16 24 4 70 33 44 56
35 25 15 88 61 42 49 70 16 10 65 31 2 46 74 26 68 60 41 54 67 37 63 4 86 40 39
76 45 56 10 77 5 64 30 41 86 66 28 17 80 71 75 81 4 63 45 72 31 15 37 40 33 49 60 53 16 52 70 65 69 62 54 84 2 43 42 3 82 61 68 39 83 27
51 34 83 39 44 61 49 3 5 55 10 72 84 77 75 66 24 16 26 53 2 69 71 18 21 47 30 27 42 52 41 43 4 86 15 28
29 19 15 59 33 69 67 49 23 3 74 60 24 55 54 68 42 36 21 71 27
9 47 18 65 70 34 80 37 41 56 53 55 69 71 57 47 66 38 15 61 62 10 32 40 28 21 31 5 2 44 14 27 60 24 64 46 39 4 67 72 63 84 54 1 78 49 36 86 88
48 0
79 51 74 81 62 44 70 47 3 82 12 77 56 1 55 5 80 41 61 21 27 45 28 60 18 78 15 54 24 2 31 30 64 69 17 16 40 66 59 39 14 42 36 75 53 23 68 84 52 46 65 34 72
13 55 52 65 41 38 46 43 66 64 81 21 18 34 80 56 36 32 72 42 23 53 27 40 6 54 45 12 28 5 82 17 61 1 15 74 2 71 69 78 59 39 84 47 86 88 77 55 4 24 75 44 33 70 63 14 10
87 47 54 36 31 70 32 82 63 18 17 23 77 24 39 80 40 3 81 27 88 84 47 49 59 4 10 86 61 64 83 62 69 74 52 2 67 66 42 38 46 34 60 5 55 44 33 28 72
11 56 46 56 49 72 23 88 43 57 28 80 54 61 27 34 83 32 66 65 77 15 33 64 12 14 5 55 44 2 68 82 42 40 75 38 71 67 86 62 39 69 17 81 78 30 26 63 1 16 36 31 52 10 41 47 21 18
8 57 72 60 55 86 12 83 52 37 69 54 80 68 26 47 78 74 42 17 46 23 56 27 6 70 24 62 57 41 63 64 59 28 66 21 1 36 49 75 32 44 18 4 53 2 3 45 65 61 38 43 30 84 71 40 81 14 10
20 26 53 71 44 84 59 52 88 17 83 77 82 3 75 24 23 12 49 1 15 33 39 27 36 55 38 68
7 16 42 86 3 39 44 77 68 52 64 6 17 82 65 53 37 57
85 39 47 44 86 61 78 77 65 5 63 52 75 66 72 24 60 46 32 31 42 21 17 6 62 43 74 59 80 27 53 68 69 57 33 38 14 55 40 10 37
22 53 80 82 54 18 61 38 17 49 69 41 26 14 15 3 74 24 52 10 12 21 75 84 72 36 68 27 44 45 65 32 6 66 53 83 2 39 33 56 67 1 37 81 16 55 40 57 31 78 23 34 42 4 59
58 0
25 9 67 46 55 36 41 71 44 59 82
19 0
50 71 6 44 9 87 63 33 3 76 38 19 80 35 85 20 31 27 13 48 81 26 53 56 79 65 17 72 32 14 23 41 73 8 86 57 7 68 49 75 36 77 16 39 70 15 66 18 11 62 51 59 22 47 54 37 2 25 61 30 45 12 1 60 46 84 83 74 71 52 67 43 88

26 25
20 0
14 0
1 0
15 0
21 0
22 0
9 5 21 22 1 15 14
12 3 1 21 20
19 3 21 20 15
7 3 21 12 14
8 6 14 15 21 20 22 9
17 8 12 9 15 20 1 22 14 21
2 3 12 19 8
5 9 14 15 9 8 20 17 19 1 7
10 6 14 12 21 1 19 9
4 11 22 20 15 9 12 19 14 17 21 7 1
13 1 12
25 5 19 7 12 8 1
16 6 22 15 8 1 20 17
23 8 9 22 19 7 15 12 8 21
6 0
24 5 1 9 21 8 22
11 2 8 2
3 3 14 21 1
18 14 13 5 21 10 23 9 17 2 16 1 3 6 22 8

27 26
5 0
7 0
19 0
18 0
10 0
26 0
9 0
12 1 18
22 3 26 18 10
8 6 18 12 19 7 26 22
4 5 22 19 12 10 26
16 8 10 7 26 12 9 19 18 5
14 7 12 10 7 5 9 22 26
21 4 26 12 18 19
6 1 4
25 10 21 14 8 5 4 10 19 18 7 22
17 4 26 7 14 4
23 10 12 9 5 7 18 16 10 19 14 21
15 11 9 8 14 7 21 10 26 18 19 22 5
1 0
2 6 22 9 16 8 7 5
24 8 5 12 7 26 4 18 9 19
13 13 22 21 9 14 7 18 4 16 8 26 12 19 10
20 8 14 22 19 18 4 21 12 8
3 12 7 4 19 14 16 22 8 21 9 12 18 26
11 15 4 3 21 1 2 24 9 7 14 23 16 10 17 18 5

1 0

21 20
8 0
20 0
1 0
19 0
15 0
12 0
16 0
17 0
2 0
18 0
11 0
3 0
13 10 15 8 20 17 11 12 16 2 19 18
7 5 11 3 18 2 13
6 10 3 7 13 19 12 15 16 17 11 18
9 4 1 20 15 8
5 8 17 2 11 20 18 12 3 8
14 9 11 3 19 7 18 15 13 16 1
4 12 8 1 2 20 3 6 18 12 7 17 15 19
10 17 2 20 7 16 5 4 13 19 6 17 8 1 18 12 14 15 11

92 91
8 0
41 0
84 0
87 0
11 0
20 0
18 0
67 0
69 0
21 0
24 0
9 0
16 0
13 0
65 11 69 16 84 41 67 24 9 21 18 20 8
40 0
60 7 87 13 84 20 24 21 18
57 0
50 7 84 9 8 69 41 16 67
25 2 24 67
90 1 9
12 7 20 69 13 84 87 67 24
35 0
91 4 69 21 67 18
43 8 84 69 20 24 41 9 13 87
47 5 13 69 84 21 16
78 6 24 20 69 41 9 11
51 7 8 20 13 69 41 11 9
6 5 16 67 24 87 11
46 4 13 20 67 41
70 7 87 13 69 24 18 9 20
14 2 24 67
45 12 16 18 84 20 9 24 11 8 21 13 41 69
68 6 8 20 16 87 84 11
1 29 43 57 67 9 91 60 47 69 16 6 46 45 50 35 21 24 87 51 65 8 12 40 18 14 68 70 84 41 78
27 33 20 67 60 11 45 51 68 87 46 65 57 50 12 25 8 70 91 43 16 90 84 13 78 14 41 69 6 35 9 40 24 47 18
23 11 84 25 67 87 41 8 90 6 51 78 65
85 25 46 91 12 40 78 25 6 60 50 47 9 65 90 87 8 57 84 21 18 68 20 70 11 51 41
71 6 43 25 84 14 60 18
36 25 8 11 41 84 50 51 78 24 12 18 70 45 60 21 14 43 68 87 67 16 35 13 65 47 69
15 29 78 47 87 70 57 46 67 25 65 18 40 20 9 90 51 8 68 60 24 43 12 35 6 41 50 91 21 84 45
64 1 40
29 1 47
28 16 90 68 41 78 60 51 18 65 47 20 12 13 50 45 67 16
62 18 35 65 43 6 40 41 51 87 69 25 8 18 47 60 90 20 14 78
82 10 57 11 41 47 70 67 25 60 35 46
7 1 18
49 33 9 91 50 46 90 47 67 51 8 25 69 14 12 21 60 18 84 40 87 45 78 16 43 65 41 13 20 68 35 6 11 70 24
17 0
52 28 90 91 9 47 21 16 51 67 20 60 13 6 18 50 68 43 78 45 14 65 40 69 12 41 24 57 8 46
58 28 84 91 70 11 43 50 67 46 51 24 90 35 68 45 47 87 6 16 8 60 9 57 41 18 12 78 20 65
32 6 40 69 35 78 41 47
3 20 70 87 6 12 91 90 57 14 13 45 68 41 8 24 21 78 69 11 16 35
86 25 12 84 90 68 6 14 41 43 8 13 9 20 51 46 65 60 24 87 21 50 69 11 67 25 45
38 1 40
81 18 60 6 47 12 24 87 9 18 78 46 35 8 68 50 43 41 51 14
83 19 8 78 24 50 12 41 9 18 91 25 69 68 67 40 70 35 16 6 57
39 8 47 84 25 9 40 87 65 16
31 33 67 46 68 43 69 14 87 40 16 9 51 11 21 24 12 25 41 47 13 8 78 65 70 6 90 20 18 91 50 84 45 35 60
37 28 31 24 11 49 13 47 46 58 18 23 28 62 90 39 43 7 51 81 14 45 78 35 6 86 27 16 64 50
44 58 47 7 52 64 1 50 84 40 69 62 90 38 70 83 21 91 36 13 86 11 24 6 17 85 31 32 3 87 58 78 68 9 46 49 82 45 27 81 12 67 18 23 57 71 8 14 39 20 28 16 25 51 29 41 15 43 60 35
66 53 87 70 78 20 84 65 21 85 47 43 18 68 91 45 32 71 15 82 67 50 9 40 64 25 90 81 46 1 6 24 29 23 86 83 13 58 12 36 11 39 60 3 31 51 27 14 62 28 35 7 16 52 69
2 55 60 90 65 57 21 17 50 14 64 52 8 71 9 41 23 39 43 29 87 69 1 24 85 25 49 91 3 31 7 15 13 70 78 38 12 32 16 20 86 81 40 82 11 84 51 27 35 18 83 6 28 45 58 62 67
54 39 11 46 35 87 82 50 60 27 49 13 31 69 6 90 7 91 65 39 57 43 17 15 14 86 41 3 36 62 38 68 52 24 12 1 85 21 78 40 20
76 30 69 47 23 50 32 31 35 21 36 7 24 15 82 64 39 91 90 67 58 41 9 85 84 62 11 13 28 20 52 40
61 11 18 67 71 25 36 28 47 41 13 51 70
26 25 21 15 86 18 13 9 51 28 16 17 52 60 36 35 90 67 78 38 31 57 23 11 49 14 87
42 0
74 49 31 57 8 39 28 26 69 32 65 40 87 23 76 62 61 85 90 52 44 7 6 1 36 13 86 70 21 50 38 49 3 78 83 51 66 35 2 37 43 58 47 82 68 84 91 25 18 41 14
63 32 15 44 23 20 90 51 46 71 52 18 39 26 87 3 14 61 24 54 21 40 76 60 37 31 27 7 25 8 58 17 9 43
59 8 61 13 35 3 52 43 21 82
72 0
10 57 60 12 7 91 1 35 28 29 25 27 31 23 32 36 51 85 76 41 67 81 16 8 64 3 11 43 82 40 14 70 26 37 45 65 20 38 52 46 13 15 62 17 90 39 2 18 71 57 50 44 68 54 24 83 69 21 66
73 33 84 51 71 76 29 87 83 43 45 14 32 40 21 13 15 1 90 36 17 41 23 50 62 66 46 27 24 91 37 67 65 8 61
88 31 27 91 29 3 81 50 46 17 12 70 24 87 43 65 82 9 68 36 49 14 64 85 18 15 37 51 41 20 1 52 8
5 31 54 62 23 8 2 27 32 26 86 44 40 58 11 49 67 9 91 82 81 24 7 1 69 35 6 41 43 85 16 71 3
4 57 12 50 29 3 40 23 68 21 86 37 49 36 57 31 26 38 47 32 16 18 41 35 11 13 27 43 39 20 1 69 84 64 46 60 9 81 44 7 66 58 65 76 67 15 24 85 51 71 90 82 2 28 62 87 25 83 52
80 16 84 23 61 62 54 7 11 85 14 31 36 86 8 51 43 78
33 25 27 65 91 90 82 54 52 50 44 13 85 9 84 3 2 49 64 43 40 14 83 69 15 36 62
30 52 71 82 6 62 91 72 81 25 67 33 64 63 65 13 32 39 9 49 20 14 15 21 88 52 4 80 85 59 27 86 90 84 11 40 37 43 3 69 60 8 61 31 24 74 57 12 68 87 41 1 78 47
89 33 36 15 81 45 1 57 62 80 10 6 28 76 69 40 46 78 49 20 60 87 39 14 32 59 66 63 84 82 3 21 67 11 85
77 68 49 36 6 52 5 15 12 21 76 33 80 10 88 25 72 31 64 66 83 90 71 51 39 37 23 54 9 74 65 47 82 81 27 85 50 67 45 42 16 11 32 87 38 8 69 73 57 14 70 35 24 78 58 17 28 1 18 40 68 59 63 46 62 43 29 41 86 13
55 70 89 71 45 77 14 52 41 39 42 33 80 57 5 74 83 73 31 3 35 63 40 46 26 25 43 62 44 29 81 38 36 12 60 65 51 85 10 6 54 16 7 82 72 87 76 9 69 2 30 64 11 18 20 61 15 37 8 67 21 88 24 1 90 70 66 27 28 78 13 58
56 38 76 91 55 32 17 47 81 11 5 46 77 63 23 13 28 6 45 66 54 68 24 69 31 58 16 10 3 30 62 89 65 42 52 59 25 26 44 85
19 79 47 17 4 21 82 18 26 83 60 39 14 91 86 64 35 12 61 76 37 81 85 11 30 32 16 38 43 31 58 89 71 46 84 69 88 70 24 66 72 2 65 15 44 28 8 25 3 40 1 33 90 77 10 78 42 13 45 20 9 67 7 41 55 51 56 27 49 57 62 50 74 63 52 54 29 68 36 80 5
79 19 63 23 46 3 27 44 85 5 55 78 17 47 60 49 80 52 70 91 20
34 34 31 1 39 27 51 18 3 59 64 25 14 73 58 66 20 4 81 7 12 54 21 24 2 35 77 30 82 17 16 55 5 86 60 38
22 20 57 59 44 17 87 66 1 81 36 35 72 63 50 9 11 15 28 76 54 88
48 26 43 9 65 47 90 23 17 26 87 82 13 80 83 68 39 29 85 49 4 28 14 69 37 27 74 72
53 56 72 37 42 27 67 63 1 13 31 88 9 33 12 51 39 4 34 41 65 52 54 58 59 84 90 26 16 68 78 2 17 38 80 61 46 77 57 14 83 7 30 64 36 74 55 60 22 50 40 45 21 85 76 91 79 70
75 14 32 25 10 39 59 90 50 48 3 71 88 43 63 42

